frame_no,detection_no,class,x,y,width,height,confidence
1,1,person,12.0,145.4,507.8,334.1,0.8545
2,1,person,11.8,149.4,502.6,330.4,0.9013
3,1,person,13.8,148.0,504.4,331.6,0.8927
3,2,chair,76.8,328.3,99.6,97.7,0.5523
4,1,person,14.0,149.9,502.2,329.9,0.9155
4,2,chair,73.9,328.7,103.6,101.6,0.5665
5,1,person,11.6,148.4,504.7,331.2,0.8920
5,2,chair,72.9,328.7,104.3,102.4,0.5437
6,1,person,10.6,149.7,503.8,330.0,0.8975
6,2,chair,76.4,328.8,100.1,98.1,0.3840
7,1,person,10.8,150.1,504.0,329.6,0.8948
7,2,chair,75.3,328.7,102.3,100.2,0.5753
8,1,person,12.0,148.2,506.7,331.3,0.8935
8,2,chair,74.9,328.7,102.8,100.6,0.5715
9,1,person,10.6,147.3,508.4,332.2,0.8821
9,2,chair,75.3,328.3,102.5,100.4,0.6281
10,1,person,9.7,148.9,507.2,330.9,0.8876
10,2,chair,73.5,328.5,105.2,103.1,0.5448
11,1,person,7.5,147.9,509.2,331.7,0.8852
11,2,chair,72.6,328.5,106.4,104.5,0.5948
12,1,person,9.5,148.9,508.5,330.9,0.8906
12,2,chair,72.3,328.3,106.9,105.1,0.5229
13,1,person,8.5,149.3,508.8,330.5,0.8930
13,2,chair,72.4,328.3,106.9,105.2,0.4833
14,1,person,8.9,149.7,509.2,330.1,0.9023
14,2,chair,72.9,328.4,106.4,104.8,0.5151
15,1,person,10.6,148.4,510.7,331.2,0.8959
15,2,chair,71.8,328.4,107.4,106.0,0.4375
16,1,person,11.8,149.6,509.5,330.1,0.8956
16,2,chair,71.8,328.5,108.7,107.2,0.4588
17,1,person,13.4,150.4,508.6,329.4,0.8973
17,2,chair,72.0,328.3,109.0,107.6,0.4004
18,1,person,13.8,150.7,508.2,329.1,0.8993
18,2,chair,71.1,328.5,111.4,110.2,0.5096
19,1,person,12.5,151.1,508.1,328.7,0.8825
19,2,chair,70.1,328.5,112.6,111.8,0.4289
20,1,person,13.5,151.0,508.5,328.8,0.8759
20,2,chair,71.6,328.5,110.5,110.2,0.5803
21,1,person,13.3,151.2,508.3,328.6,0.8810
21,2,chair,70.3,328.3,111.0,111.2,0.5540
22,1,person,21.2,149.8,507.9,329.8,0.8875
22,2,chair,71.4,328.3,109.8,110.3,0.6196
23,1,person,17.9,148.9,508.7,330.6,0.8844
23,2,chair,71.7,328.4,110.4,110.9,0.4236
24,1,person,17.7,148.6,508.6,330.9,0.8842
24,2,chair,73.2,328.7,108.0,108.4,0.5214
25,1,person,14.4,148.6,509.1,330.9,0.8745
25,2,chair,74.0,328.4,107.1,107.5,0.2691
26,1,person,15.3,148.3,509.1,331.2,0.8852
26,2,chair,71.1,327.9,108.5,109.3,0.4073
27,1,person,16.3,147.9,509.4,331.6,0.8746
27,2,chair,69.3,328.2,109.0,110.5,0.5323
28,1,person,17.3,147.6,509.4,331.9,0.8860
28,2,chair,70.3,328.5,107.3,109.3,0.3637
29,1,person,14.8,146.8,510.2,332.7,0.8643
29,2,chair,70.3,328.3,107.4,109.8,0.4729
30,1,person,14.5,147.2,509.8,332.6,0.8884
30,2,chair,70.0,328.4,107.6,110.6,0.2745
31,1,person,24.5,146.9,507.5,332.8,0.8730
31,2,chair,71.5,328.6,108.7,112.0,0.3792
32,1,person,29.0,146.8,505.2,332.9,0.8922
32,2,chair,71.4,328.6,109.5,113.3,0.5634
33,1,person,36.1,147.9,500.7,331.9,0.8887
33,2,chair,72.1,328.4,110.8,114.5,0.4751
34,1,person,44.1,148.9,495.4,330.8,0.8954
34,2,chair,70.7,328.7,116.6,120.4,0.4995
35,1,person,29.6,149.6,496.1,330.0,0.8765
35,2,chair,68.2,328.5,123.4,127.9,0.4696
36,1,person,25.2,150.2,496.5,329.5,0.8703
36,2,chair,65.6,328.5,129.6,135.3,0.3905
37,1,person,38.9,150.7,493.2,329.0,0.8676
37,2,chair,65.0,328.7,129.3,134.9,0.5153
38,1,person,49.8,149.9,490.5,329.7,0.8836
38,2,chair,71.8,328.0,120.3,126.0,0.6415
39,1,person,69.5,149.5,483.7,329.6,0.8726
40,1,person,41.2,149.2,489.9,330.5,0.6756
41,1,person,30.1,149.2,494.8,330.7,0.7853
41,2,cell phone,67.4,236.7,159.1,140.5,0.4826
42,1,person,28.8,148.8,495.3,331.1,0.8493
42,2,cell phone,89.0,224.0,160.7,141.9,0.3662
43,1,person,26.9,148.4,496.2,331.4,0.8886
44,1,person,23.3,148.1,498.0,331.7,0.9109
44,2,cell phone,77.6,208.6,158.0,142.2,0.5655
45,1,person,25.1,147.3,499.3,332.5,0.9033
45,2,cell phone,92.0,196.3,156.3,143.5,0.6445
46,1,person,30.3,147.0,498.5,332.8,0.9063
46,2,cell phone,99.4,192.5,154.1,145.0,0.6234
47,1,person,30.7,146.9,497.7,332.8,0.9179
47,2,cell phone,106.4,194.0,149.6,144.1,0.4686
48,1,person,38.7,147.2,494.8,332.3,0.9004
48,2,cell phone,110.1,200.1,145.6,144.1,0.6401
49,1,person,45.7,147.3,491.5,332.1,0.9153
50,1,person,50.2,147.0,489.1,332.4,0.9112
50,2,cell phone,137.4,210.7,89.5,140.9,0.3717
51,1,person,54.0,146.9,486.3,332.5,0.8972
51,2,cell phone,131.4,221.8,93.0,146.4,0.5307
52,1,person,53.4,146.6,484.8,332.8,0.9028
52,2,cell phone,129.3,225.9,92.8,146.1,0.3976
53,1,person,57.2,146.8,481.8,332.6,0.9020
53,2,cell phone,129.0,225.9,93.8,147.9,0.5915
54,1,person,57.8,146.8,479.7,332.7,0.9009
54,2,cup,130.6,225.6,94.5,149.0,0.3159
54,3,cell phone,142.4,221.3,152.4,148.3,0.4633
55,1,person,60.3,146.6,477.4,332.9,0.9000
55,2,cell phone,130.1,225.6,93.6,147.6,0.4633
56,1,person,60.5,146.6,475.8,332.8,0.8990
56,2,cell phone,130.2,225.2,94.4,149.1,0.5673
57,1,person,59.4,146.7,474.2,332.8,0.9008
57,2,cell phone,144.1,226.1,152.7,145.9,0.5699
58,1,person,58.7,146.6,473.2,333.0,0.9005
58,2,cell phone,129.1,226.5,93.4,148.3,0.5291
59,1,person,54.1,146.7,473.2,332.9,0.9282
59,2,cell phone,138.0,223.8,157.0,148.2,0.9020
60,1,person,52.6,146.5,473.7,333.1,0.9081
60,2,cell phone,131.7,222.3,161.2,151.2,0.8746
61,1,person,49.9,147.1,473.8,332.6,0.8628
61,2,cell phone,116.1,220.8,168.4,158.4,0.7469
62,1,person,47.3,147.2,474.5,332.5,0.8854
62,2,cell phone,109.4,219.9,172.1,162.7,0.8368
63,1,person,45.6,147.0,476.0,332.8,0.8467
63,2,cell phone,106.9,219.9,172.6,163.8,0.8562
64,1,person,45.8,147.0,476.6,332.7,0.8838
64,2,cell phone,106.1,220.8,171.8,163.4,0.8294
65,1,person,45.7,147.0,477.3,332.7,0.8838
65,2,cell phone,106.0,221.2,171.3,163.2,0.8294
66,1,person,45.9,146.7,478.1,333.1,0.8364
66,2,cell phone,104.3,221.8,170.5,163.2,0.7416
67,1,person,47.0,146.8,478.1,333.0,0.8780
67,2,cell phone,103.4,222.4,169.7,162.9,0.7727
68,1,person,48.6,146.4,478.2,333.4,0.9004
68,2,cell phone,117.4,231.3,165.2,158.1,0.7864
69,1,person,49.0,146.1,478.4,333.6,0.8444
69,2,cell phone,125.5,240.2,163.0,154.3,0.7639
70,1,person,60.9,146.5,475.9,333.4,0.6635
70,2,cell phone,131.2,253.3,169.9,159.3,0.6900
71,1,person,74.0,146.6,471.5,333.2,0.7698
71,2,cell phone,133.0,259.6,175.9,164.1,0.5696
72,1,person,80.0,146.8,467.6,333.0,0.8146
72,2,cell phone,135.4,264.7,177.8,165.0,0.4204
73,1,person,91.6,147.3,461.8,332.6,0.5401
73,2,cell phone,146.2,280.9,181.9,168.5,0.7073
74,1,person,99.9,148.1,455.7,331.8,0.6127
74,2,cell phone,152.3,290.2,187.4,174.1,0.7547
75,1,person,96.8,147.9,452.2,332.0,0.8336
75,2,cell phone,165.5,305.8,183.8,170.9,0.5467
76,1,person,99.0,147.7,447.7,332.1,0.8234
76,2,cell phone,174.3,311.5,180.3,168.0,0.5328
77,1,person,93.9,146.8,446.1,332.9,0.8279
77,2,cell phone,176.0,311.8,178.1,166.7,0.4826
78,1,person,97.0,146.3,443.1,333.5,0.8136
78,2,cell phone,176.6,311.5,178.7,168.5,0.4073
79,1,person,108.8,146.7,437.3,333.2,0.9261
80,1,person,116.2,146.4,431.6,333.5,0.9434
80,2,cup,187.9,304.1,165.5,160.0,0.5929
81,1,person,123.1,146.6,426.0,333.2,0.9237
82,1,person,129.7,146.6,419.7,333.1,0.9097
82,2,cell phone,203.7,295.4,150.4,150.0,0.7540
83,1,person,135.0,146.6,414.1,333.1,0.9179
83,2,cell phone,209.9,290.3,142.7,146.2,0.6972
84,1,person,138.5,146.1,409.2,333.8,0.8994
84,2,cell phone,216.1,287.0,137.1,143.7,0.6289
84,3,chair,3.2,328.9,188.1,151.0,0.3877
85,1,person,140.6,145.8,404.7,334.2,0.8881
85,2,cell phone,218.2,285.7,136.4,146.1,0.6339
85,3,chair,2.6,329.5,187.5,150.4,0.4090
86,1,person,140.4,145.7,400.9,334.3,0.9061
86,2,cell phone,221.5,284.8,134.3,146.7,0.6462
86,3,chair,29.9,329.1,185.6,150.4,0.3501
87,1,person,143.7,145.8,396.8,334.2,0.8979
87,2,cell phone,223.4,284.7,131.8,146.6,0.6957
87,3,chair,39.3,329.0,183.4,150.5,0.3387
88,1,person,143.6,146.0,393.4,333.9,0.9023
88,2,cell phone,224.6,284.7,130.2,147.3,0.7945
88,3,chair,41.7,328.7,181.1,150.7,0.3823
89,1,person,146.3,145.8,389.9,334.0,0.8912
89,2,cell phone,225.8,284.5,128.5,147.5,0.7972
90,1,person,151.7,146.1,386.3,333.8,0.9008
90,2,cell phone,227.4,284.5,126.5,147.0,0.7854
91,1,person,130.5,146.4,388.5,333.6,0.8756
91,2,cell phone,235.5,286.2,120.8,141.5,0.4655
92,1,person,120.5,146.6,391.2,333.3,0.8654
92,2,cell phone,232.2,286.8,120.9,140.8,0.3520
93,1,person,109.6,146.3,395.4,333.7,0.8375
94,1,person,105.8,146.2,398.8,333.8,0.8264
95,1,person,112.4,146.5,399.3,333.4,0.8285
96,1,person,114.4,146.5,400.2,333.4,0.8704
97,1,person,114.7,146.5,401.1,333.5,0.8718
98,1,person,113.6,146.7,402.0,333.3,0.8812
99,1,person,113.5,146.7,402.5,333.3,0.8678
100,1,person,116.8,146.4,402.8,333.6,0.8678
100,2,cell phone,258.2,287.2,119.0,144.2,0.3548
101,1,person,113.7,146.9,403.9,333.1,0.8557
102,1,person,115.4,146.2,404.6,333.8,0.8126
102,2,cup,244.7,282.7,115.1,142.3,0.4248
103,1,person,125.3,145.7,402.8,334.3,0.8117
103,2,wine glass,175.6,285.2,105.2,193.3,0.3681
103,3,cup,240.9,280.6,115.0,144.7,0.4305
104,1,person,128.9,145.8,400.1,334.2,0.7792
104,2,cup,234.5,280.3,116.4,148.3,0.5855
105,1,person,130.1,146.0,398.1,334.0,0.6108
105,2,cup,229.5,280.6,119.0,154.1,0.5610
106,1,person,125.8,145.7,398.1,334.3,0.5644
106,2,cup,225.9,281.2,119.2,156.6,0.6316
106,3,wine glass,169.1,304.6,95.0,174.3,0.3072
107,1,person,119.5,145.7,398.9,334.3,0.6865
107,2,cup,219.8,282.5,119.6,158.8,0.3854
108,1,person,127.5,146.0,396.8,333.8,0.7176
108,2,cup,219.5,283.2,121.4,163.6,0.4435
108,3,wine glass,162.3,306.4,95.2,173.6,0.5867
109,1,person,131.8,145.8,395.2,334.1,0.7952
110,1,person,142.5,146.2,391.1,333.6,0.7010
110,2,cup,224.3,285.5,114.3,155.1,0.3007
111,1,person,126.2,145.8,394.4,334.2,0.6489
111,2,cup,226.0,286.1,120.8,166.3,0.2714
112,1,person,117.6,145.9,397.4,334.1,0.7532
112,2,chair,68.2,328.7,122.6,150.8,0.3165
113,1,person,115.8,145.3,399.3,334.7,0.7100
114,1,person,115.2,145.2,400.8,334.8,0.7627
114,2,cup,231.3,287.0,115.2,159.9,0.3608
114,3,chair,37.4,328.8,124.8,151.1,0.4031
115,1,person,116.5,144.9,401.7,334.9,0.8807
115,2,cup,239.3,285.3,115.9,162.3,0.6589
116,1,person,112.6,145.6,402.9,334.3,0.8827
116,2,cup,243.0,285.5,117.4,165.6,0.2588
117,1,person,111.0,145.9,404.4,334.1,0.8889
117,2,cell phone,250.5,285.9,112.4,158.3,0.3717
118,1,person,111.8,145.4,405.7,334.4,0.8812
118,2,cell phone,252.9,285.9,110.1,154.8,0.3304
119,1,person,106.7,145.0,408.3,334.9,0.8721
120,1,person,106.7,144.8,409.8,335.2,0.8663
120,2,cell phone,255.2,284.7,106.0,148.4,0.2619
121,1,person,108.0,144.9,410.4,335.1,0.8905
121,2,wine glass,180.7,305.0,95.7,174.8,0.4496
121,3,cell phone,255.0,283.2,106.8,149.3,0.3787
122,1,person,106.0,144.9,411.5,335.1,0.8845
122,2,wine glass,181.0,303.3,96.6,176.5,0.5090
122,3,cup,253.0,282.8,110.2,154.2,0.4032
123,1,person,106.4,144.8,412.2,335.2,0.8535
123,2,wine glass,181.3,300.2,98.3,179.6,0.2832
123,3,cup,253.6,282.7,108.7,151.6,0.2892
124,1,person,106.5,144.6,413.1,335.4,0.8739
124,2,cup,253.5,282.4,108.6,151.2,0.4817
125,1,person,105.9,144.8,413.9,335.2,0.8513
125,2,cup,254.1,282.2,108.1,150.1,0.5287
125,3,wine glass,181.0,300.9,97.6,178.5,0.3449
126,1,person,105.3,145.0,414.7,335.0,0.8387
127,1,person,109.1,145.3,414.5,334.7,0.8604
128,1,person,114.4,145.8,413.9,334.2,0.8455
129,1,person,114.6,145.7,414.3,334.3,0.8824
130,1,person,114.0,145.6,415.0,334.4,0.8577
130,2,cell phone,207.3,282.6,117.9,151.7,0.4185
131,1,person,113.1,145.5,415.5,334.5,0.8607
131,2,cell phone,205.7,282.4,121.1,155.5,0.2536
132,1,person,114.1,145.8,415.3,334.2,0.8601
132,2,cell phone,214.1,282.1,123.9,159.6,0.2595
133,1,person,112.6,145.8,417.1,334.1,0.8898
134,1,person,111.1,145.8,418.7,334.2,0.9099
134,2,cup,211.7,281.9,125.0,160.9,0.2828
135,1,person,111.4,145.8,418.3,334.1,0.8791
136,1,person,111.2,145.6,418.3,334.4,0.8773
137,1,person,110.5,145.8,418.4,334.2,0.8864
137,2,cup,215.4,281.4,117.5,150.3,0.3041
138,1,person,112.0,145.9,418.2,334.1,0.8920
138,2,cup,214.8,281.4,117.9,150.1,0.2845
139,1,person,110.8,145.5,418.5,334.5,0.8807
139,2,cup,214.6,281.4,118.1,149.5,0.3580
140,1,person,110.8,145.5,418.5,334.5,0.8698
140,2,cup,212.4,281.4,122.2,154.4,0.3027
141,1,person,108.5,145.7,419.9,334.3,0.8754
142,1,person,109.1,146.0,418.3,333.5,0.9392
143,1,person,109.2,146.2,417.0,332.9,0.8279
144,1,person,106.5,145.7,417.9,333.4,0.8586
144,2,cup,202.9,328.5,88.2,151.4,0.5443
145,1,person,115.9,146.6,414.6,332.8,0.8189
146,1,person,115.0,147.3,413.1,332.4,0.8305
147,1,person,115.0,147.8,411.0,331.9,0.8806
148,1,person,98.8,147.8,413.9,332.0,0.8920
149,1,person,91.0,147.7,416.7,332.1,0.8897
150,1,person,82.0,147.4,419.9,332.1,0.8911
151,1,person,82.1,149.6,419.9,330.2,0.9076
151,2,chair,67.8,329.1,123.5,134.9,0.3911
152,1,person,72.6,150.7,423.1,329.2,0.8971
152,2,chair,73.5,328.6,111.1,121.2,0.4727
153,1,person,69.3,149.0,428.4,330.6,0.9194
153,2,chair,75.3,328.8,106.4,115.9,0.4607
154,1,person,65.9,148.3,432.8,331.2,0.9075
155,1,person,56.7,149.4,437.2,330.4,0.9164
155,2,chair,72.7,328.0,111.7,121.5,0.3417
156,1,person,65.0,148.8,438.9,330.8,0.8992
156,2,chair,71.7,328.1,115.7,125.5,0.5015
157,1,person,70.1,150.1,439.0,329.5,0.9006
157,2,chair,69.2,328.1,120.0,130.1,0.5042
158,1,person,64.4,149.3,442.4,330.2,0.8963
158,2,chair,69.2,328.2,120.5,130.3,0.4648
159,1,person,64.1,148.8,444.6,330.7,0.8937
159,2,chair,71.3,328.6,118.7,128.2,0.5002
160,1,person,57.4,148.7,447.7,330.7,0.8847
160,2,chair,74.4,328.6,116.7,126.1,0.4602
161,1,person,41.0,149.4,453.8,330.2,0.8955
161,2,chair,88.2,328.3,99.1,106.0,0.3962
162,1,person,55.5,148.3,455.2,331.2,0.8650
162,2,chair,99.5,328.3,84.6,88.8,0.4096
163,1,person,71.7,148.0,452.4,331.6,0.7492
164,1,person,96.4,148.3,444.0,331.4,0.8377
165,1,person,92.6,147.2,442.2,332.6,0.9117
166,1,person,93.2,146.5,439.4,333.2,0.9162
166,2,cup,153.6,392.4,121.7,87.5,0.7895
166,3,chair,69.4,328.7,122.5,151.0,0.4893
167,1,person,96.1,145.9,437.0,333.8,0.9017
167,2,chair,70.7,329.2,122.0,150.3,0.4589
167,3,cup,220.3,377.0,79.0,103.0,0.4680
168,1,person,93.9,145.5,435.5,334.1,0.9068
168,2,chair,71.0,329.0,121.7,149.8,0.3323
168,3,cup,223.9,371.5,94.2,108.5,0.3921
169,1,person,94.8,145.4,433.6,334.3,0.9179
169,2,chair,69.9,329.1,121.9,149.9,0.5276
169,3,cup,227.5,365.9,102.7,114.1,0.6590
170,1,person,90.8,146.5,431.5,332.8,0.9181
170,2,chair,69.3,329.3,122.2,150.1,0.2914
171,1,person,96.7,147.1,428.5,331.9,0.9129
171,2,chair,68.7,329.0,122.4,150.2,0.3424
172,1,person,94.5,146.5,429.0,332.7,0.8942
172,2,chair,68.9,329.0,121.9,149.5,0.4238
172,3,cup,242.9,312.9,119.0,151.7,0.5008
173,1,person,94.0,146.6,428.9,332.7,0.9001
173,2,chair,68.9,329.2,121.9,149.5,0.3658
173,3,cup,248.7,312.5,116.5,149.4,0.3669
174,1,person,88.3,146.9,430.7,332.5,0.8353
174,2,chair,70.1,328.9,118.0,144.4,0.3852
174,3,cup,249.2,307.3,116.3,151.9,0.4149
175,1,person,87.1,147.0,432.1,332.4,0.8199
175,2,chair,71.4,328.7,114.6,139.5,0.3958
175,3,cup,248.8,304.0,115.8,153.2,0.4898
176,1,person,100.5,147.2,429.6,332.4,0.8517
176,2,chair,71.8,328.9,114.4,138.5,0.4218
176,3,cell phone,245.8,302.3,115.4,152.3,0.3905
177,1,person,89.7,146.8,430.7,332.9,0.7429
177,2,cell phone,245.6,298.8,110.9,150.8,0.6331
178,1,person,71.0,146.7,427.8,333.0,0.7475
178,2,cell phone,245.5,296.8,108.1,151.0,0.3711
179,1,person,56.9,146.5,428.1,333.2,0.7123
179,2,cell phone,246.0,296.4,106.0,151.7,0.4054
180,1,person,69.2,146.1,430.6,333.7,0.8764
180,2,cell phone,252.7,297.5,110.4,156.8,0.4601
180,3,chair,69.7,328.7,118.7,143.4,0.2950
181,1,person,77.1,145.8,431.7,333.8,0.8942
181,2,cell phone,248.3,300.2,107.6,155.5,0.3299
181,3,chair,68.9,328.6,121.1,146.3,0.3013
182,1,person,78.8,145.8,432.3,333.8,0.8876
182,2,cell phone,244.2,301.5,106.0,157.0,0.5122
182,3,chair,68.9,328.6,122.6,148.1,0.2973
183,1,person,81.9,145.7,432.6,333.8,0.9126
183,2,cell phone,238.3,302.6,106.0,159.5,0.6352
183,3,chair,68.5,328.5,122.1,147.7,0.2522
184,1,person,82.6,145.5,433.3,333.9,0.9187
184,2,cell phone,243.4,302.5,106.3,158.5,0.5045
184,3,chair,68.1,328.6,123.4,149.3,0.3522
185,1,person,83.5,145.6,433.3,333.7,0.9202
185,2,cell phone,240.9,304.4,104.0,157.4,0.5746
185,3,chair,68.6,328.5,123.5,149.4,0.3375
186,1,person,84.4,145.7,433.2,333.7,0.9146
186,2,cell phone,246.0,304.7,103.7,156.7,0.5293
186,3,chair,68.4,328.8,123.4,149.2,0.3613
187,1,person,81.5,145.6,434.2,333.7,0.9046
187,2,cell phone,253.5,306.0,105.3,157.8,0.4615
187,3,chair,41.3,328.4,130.9,151.1,0.4496
187,4,cup,250.6,306.2,117.1,153.4,0.4222
188,1,person,75.0,145.3,432.7,334.0,0.8515
188,2,chair,56.3,328.7,129.6,150.4,0.3783
188,3,cup,248.1,306.0,121.1,158.8,0.4613
189,1,person,79.6,145.7,432.5,333.6,0.8892
189,2,chair,36.0,329.2,135.5,150.6,0.3528
189,3,cell phone,250.4,300.4,117.0,152.8,0.2550
190,1,person,82.2,145.8,432.4,333.6,0.8974
190,2,chair,53.7,329.0,133.0,148.9,0.4306
191,1,person,83.7,145.9,432.2,333.5,0.9088
191,2,chair,60.9,328.9,132.2,149.1,0.4464
192,1,person,85.4,145.9,431.9,333.5,0.9067
192,2,chair,63.7,329.0,131.2,148.8,0.4140
193,1,person,83.5,146.0,432.3,333.3,0.9021
193,2,chair,64.6,329.2,130.9,149.5,0.3449
193,3,cup,253.4,297.6,127.2,167.4,0.3818
194,1,person,86.0,146.0,431.7,333.2,0.8965
194,2,chair,65.7,329.0,129.8,149.1,0.4202
194,3,cup,259.1,297.5,119.8,158.3,0.3992
195,1,person,83.7,145.9,432.3,333.3,0.9073
195,2,chair,66.2,328.9,128.9,148.8,0.4515
195,3,cup,255.4,297.3,124.9,166.2,0.3457
196,1,person,83.0,145.9,432.5,333.3,0.9044
196,2,chair,66.7,328.8,128.1,148.4,0.4752
196,3,cup,255.2,297.3,124.8,167.1,0.3610
197,1,person,81.3,146.0,433.1,333.3,0.8963
197,2,chair,67.1,328.8,127.4,148.1,0.4868
197,3,cup,256.0,297.3,125.3,169.3,0.2600
198,1,person,83.6,145.9,432.9,333.4,0.9064
198,2,chair,67.0,328.8,127.2,148.4,0.3220
198,3,cup,257.1,297.1,123.6,168.4,0.4547
199,1,person,82.7,146.1,433.1,333.1,0.8935
199,2,chair,66.7,328.5,127.6,149.5,0.4406
200,1,person,85.1,146.9,433.9,332.5,0.8896
200,2,chair,66.8,328.9,126.9,149.1,0.3942
201,1,person,86.7,146.7,435.1,333.1,0.9147
201,2,chair,66.8,329.1,127.1,149.8,0.4830
202,1,person,84.5,146.2,437.0,333.7,0.7864
202,2,chair,66.6,329.1,126.7,149.8,0.5433
203,1,person,87.4,148.2,434.7,331.6,0.7898
203,2,chair,66.0,329.2,126.5,150.2,0.2969
203,3,cup,231.0,231.3,126.9,165.8,0.7315
204,1,person,90.4,147.5,434.8,332.1,0.8197
204,2,chair,67.0,329.0,125.7,149.5,0.4031
204,3,cup,221.8,222.4,133.5,169.1,0.3935
205,1,person,90.5,146.6,435.5,333.0,0.8401
205,2,chair,67.1,329.0,125.4,149.5,0.3985
205,3,cup,215.7,219.8,138.3,169.9,0.6157
206,1,person,88.4,145.7,436.2,333.9,0.8624
206,2,chair,65.7,329.0,123.7,148.4,0.3563
206,3,cup,202.3,222.3,150.1,180.3,0.4926
207,1,person,87.1,145.6,436.3,334.0,0.8710
207,2,chair,65.1,329.1,121.5,146.7,0.2793
207,3,cup,194.8,223.6,158.7,187.2,0.6117
208,1,person,89.0,145.0,436.2,334.6,0.8377
208,2,chair,65.6,328.9,122.2,148.4,0.4143
208,3,cup,193.1,223.2,163.8,190.6,0.3622
209,1,person,88.2,144.7,436.1,334.9,0.8075
209,2,chair,65.7,328.5,121.9,148.6,0.3430
209,3,cup,193.4,222.3,166.8,191.6,0.2798
210,1,person,88.3,145.3,435.0,334.4,0.7787
210,2,chair,67.8,329.0,122.3,149.0,0.4095
211,1,person,86.4,144.6,435.9,335.1,0.7616
211,2,chair,68.1,328.7,122.5,149.5,0.4026
212,1,person,85.1,144.2,436.4,335.5,0.8059
212,2,chair,68.2,328.5,122.9,150.1,0.3172
213,1,person,84.9,144.9,435.7,334.8,0.8317
213,2,chair,68.0,328.8,123.4,150.8,0.4003
214,1,person,86.5,146.1,434.2,333.6,0.8054
214,2,chair,68.2,329.0,122.8,150.0,0.3599
214,3,cup,204.8,214.8,163.8,187.2,0.2797
215,1,person,83.6,146.5,434.6,333.3,0.8093
215,2,chair,67.5,328.9,122.7,149.9,0.2879
215,3,cup,208.0,216.8,160.8,183.0,0.2898
216,1,person,85.6,147.0,433.8,332.8,0.8432
216,2,chair,67.5,328.7,122.2,149.5,0.3438
216,3,cup,205.5,217.8,163.2,185.0,0.2595
217,1,person,86.3,146.3,434.4,333.4,0.7999
217,2,chair,67.1,328.5,121.2,148.6,0.3153
217,3,cup,201.0,218.1,165.8,186.2,0.3259
218,1,person,86.2,146.7,434.0,333.2,0.8262
218,2,chair,67.5,328.5,121.5,149.3,0.4496
218,3,cup,202.0,218.7,167.2,187.6,0.3409
219,1,person,85.5,146.6,434.2,333.2,0.7851
219,2,chair,67.6,328.6,121.0,149.0,0.3386
219,3,cup,198.9,219.2,171.5,192.4,0.3212
220,1,person,87.5,147.0,433.4,332.8,0.8218
220,2,cup,197.3,219.8,170.2,189.5,0.4262
221,1,person,86.9,147.4,432.9,332.4,0.8080
221,2,chair,67.5,328.7,122.0,150.6,0.2844
222,1,person,86.3,147.4,433.3,332.4,0.8005
222,2,chair,68.2,328.8,121.1,149.8,0.2838
222,3,cup,205.0,220.3,167.0,186.9,0.3414
223,1,person,84.3,146.0,435.4,333.9,0.7638
223,2,cup,198.1,220.6,171.8,191.5,0.4318
224,1,person,85.1,146.6,434.5,333.1,0.7570
224,2,cup,198.4,220.5,171.5,190.7,0.3015
224,3,chair,68.1,329.0,120.0,148.5,0.3182
225,1,person,84.4,146.0,435.3,333.8,0.7835
225,2,chair,67.9,328.8,120.9,149.8,0.3376
226,1,person,84.2,146.1,435.2,333.7,0.8142
226,2,chair,68.7,328.8,120.0,148.7,0.2627
227,1,person,84.5,146.0,435.3,333.8,0.7949
228,1,person,83.5,145.8,435.9,334.0,0.8183
228,2,chair,68.5,329.0,120.6,149.4,0.3340
229,1,person,81.8,144.4,437.8,335.4,0.7235
229,2,chair,68.8,329.0,120.4,149.1,0.2582
230,1,person,83.6,145.5,436.3,334.3,0.8179
230,2,chair,69.0,329.0,120.6,149.4,0.4082
230,3,cup,201.1,219.9,167.4,184.8,0.2606
231,1,person,84.7,145.7,435.8,334.0,0.7583
231,2,cup,200.4,220.6,170.7,188.5,0.3593
232,1,person,85.2,145.8,435.5,333.9,0.7583
232,2,cup,200.2,220.8,171.7,189.7,0.3593
233,1,person,86.8,145.5,435.2,334.3,0.7616
233,2,cup,200.8,221.9,171.9,190.4,0.3643
233,3,chair,34.7,328.8,129.5,150.9,0.4398
234,1,person,86.1,144.9,435.7,334.8,0.6781
234,2,cup,195.6,222.0,176.8,196.1,0.6264
235,1,person,87.7,145.1,434.7,334.6,0.7643
235,2,cup,203.8,222.4,170.0,189.4,0.4036
235,3,chair,57.3,328.9,127.6,150.0,0.3799
236,1,person,86.2,145.4,434.4,334.5,0.7427
236,2,cup,198.6,222.6,172.9,192.2,0.3603
236,3,chair,62.2,328.5,126.4,149.5,0.2695
237,1,person,88.1,145.7,433.6,334.0,0.6023
237,2,cup,193.2,224.0,177.1,196.5,0.5681
237,3,chair,64.8,328.6,124.6,148.3,0.3576
238,1,person,91.3,145.3,433.1,334.4,0.7530
238,2,chair,66.0,328.8,124.1,148.5,0.3266
239,1,person,91.1,145.7,432.2,333.9,0.7209
240,1,person,85.1,145.5,434.2,334.1,0.8881
240,2,chair,66.9,329.0,125.1,150.4,0.3103
241,1,person,85.1,145.4,434.4,334.2,0.9077
241,2,chair,67.7,329.1,124.3,149.6,0.3858
242,1,person,89.9,145.6,432.7,333.9,0.9040
242,2,chair,68.8,329.0,124.2,149.4,0.2703
243,1,person,94.0,146.1,430.1,333.5,0.8965
243,2,chair,70.2,328.9,125.1,149.8,0.3780
244,1,person,91.9,146.1,429.4,333.5,0.8991
244,2,cup,181.4,364.6,118.5,115.3,0.5440
245,1,person,98.5,147.7,425.1,331.8,0.9033
245,2,cell phone,179.3,377.0,106.3,103.0,0.4911
245,3,chair,69.5,329.3,125.8,150.4,0.3845
246,1,person,103.0,148.1,422.5,331.3,0.9048
246,2,cell phone,178.8,381.3,102.8,98.7,0.5648
246,3,chair,68.8,328.8,126.3,150.9,0.3263
247,1,person,103.0,147.6,421.4,331.8,0.8944
247,2,cell phone,176.6,383.6,101.2,96.3,0.3622
247,3,chair,69.0,328.2,127.3,151.7,0.3063
248,1,person,104.5,148.3,419.6,331.1,0.8818
248,2,cell phone,175.6,389.9,97.1,90.1,0.3874
248,3,chair,70.2,329.2,127.0,150.8,0.2986
249,1,person,105.3,148.6,418.4,330.9,0.8818
249,2,cell phone,174.4,391.5,97.9,88.4,0.3874
249,3,chair,70.5,329.6,127.1,150.4,0.2986
250,1,person,105.9,148.4,417.6,331.0,0.8798
250,2,chair,69.4,329.5,126.9,150.1,0.3731
251,1,person,109.0,148.4,415.3,331.1,0.8854
251,2,chair,68.7,329.5,127.0,150.0,0.3266
252,1,person,102.9,147.7,416.9,331.7,0.8229
253,1,person,95.1,147.5,418.4,331.8,0.8006
253,2,handbag,116.2,329.7,137.4,150.1,0.4563
254,1,person,89.7,147.4,420.5,332.0,0.8476
254,2,handbag,115.5,325.3,148.6,154.6,0.5628
255,1,person,95.8,146.9,421.6,332.7,0.7399
256,1,person,67.9,147.7,428.7,332.0,0.8687
257,1,person,54.2,148.0,436.0,331.6,0.8845
258,1,person,46.3,148.5,442.5,331.2,0.9081
259,1,person,37.9,149.9,447.9,329.7,0.9156
260,1,person,33.8,150.2,454.1,329.3,0.9106
260,2,person,0.0,281.1,164.5,198.7,0.3654
261,1,person,34.9,149.5,459.6,330.0,0.9100
261,2,person,0.0,267.4,165.3,212.1,0.4148
262,1,person,38.1,149.5,463.1,330.1,0.9091
262,2,person,0.0,260.6,165.7,219.0,0.4178
263,1,person,40.6,149.4,465.5,330.1,0.9039
263,2,person,0.0,252.4,164.8,227.3,0.5114
264,1,person,30.5,149.5,470.3,330.1,0.9040
265,1,person,25.9,149.2,474.9,330.5,0.8966
266,1,person,22.2,149.1,479.0,330.5,0.8958
267,1,person,21.3,149.0,482.3,330.6,0.8910
268,1,person,23.4,149.1,484.4,330.6,0.9039
269,1,person,19.1,149.1,487.4,330.7,0.8985
270,1,person,23.6,148.8,488.5,330.9,0.9082
271,1,person,36.1,148.7,486.7,331.0,0.9085
271,2,person,0.0,261.3,123.9,218.4,0.3136
272,1,person,33.4,148.2,487.4,331.6,0.9095
272,2,person,0.0,266.2,119.1,213.3,0.2583
273,1,person,23.5,147.1,491.1,332.7,0.9039
274,1,person,24.7,147.0,492.1,332.8,0.8983
274,2,person,0.0,234.1,122.2,245.6,0.4046
275,1,person,33.5,147.5,489.9,332.2,0.8870
276,1,person,34.8,148.3,488.2,331.3,0.8896
277,1,person,24.5,149.2,489.2,330.2,0.8982
277,2,chair,70.0,329.2,121.4,120.9,0.3301
278,1,person,18.1,149.6,491.5,329.9,0.8967
278,2,chair,71.5,329.1,119.1,118.5,0.3875
279,1,person,17.1,149.7,493.3,329.7,0.8848
279,2,chair,71.7,328.9,118.4,117.8,0.5107
280,1,person,27.0,150.3,492.0,329.4,0.9088
280,2,chair,72.1,328.8,115.5,114.9,0.4049
281,1,person,24.0,149.1,494.4,330.5,0.8946
281,2,chair,75.4,328.9,110.6,109.9,0.4858
282,1,person,17.6,149.1,496.2,330.3,0.8987
282,2,chair,74.9,328.8,106.7,106.0,0.6169
283,1,person,12.9,149.4,498.0,330.0,0.8924
283,2,chair,78.5,328.7,99.1,97.9,0.4805
284,1,person,11.0,149.9,499.2,329.6,0.9004
284,2,chair,79.4,329.2,96.5,95.0,0.5842
285,1,person,9.5,150.0,500.9,329.5,0.8983
285,2,chair,79.6,329.0,96.9,95.1,0.4381
286,1,person,9.8,149.9,502.3,329.5,0.8624
286,2,chair,79.9,328.7,96.5,94.3,0.5772
287,1,person,8.1,150.1,503.7,329.3,0.9054
287,2,chair,79.9,329.2,96.6,94.0,0.5438
288,1,person,9.3,151.7,504.0,328.0,0.8887
288,2,chair,80.1,328.3,96.8,93.9,0.5387
289,1,person,7.1,150.5,506.7,329.1,0.8890
289,2,chair,80.3,328.6,97.0,93.6,0.4958
290,1,person,4.9,148.6,510.4,330.9,0.8960
290,2,chair,79.6,328.4,97.1,93.3,0.6338
291,1,person,3.8,147.4,512.7,332.1,0.8909
291,2,chair,79.1,328.0,98.1,94.0,0.6226
292,1,person,4.1,148.4,512.3,331.3,0.9073
292,2,chair,78.7,328.6,98.5,93.9,0.3959
293,1,person,3.5,148.5,513.1,331.3,0.8843
293,2,chair,79.3,328.5,98.6,93.7,0.5085
294,1,person,3.5,148.5,513.9,331.3,0.9123
294,2,chair,78.7,328.8,99.7,94.8,0.5265
295,1,person,3.1,147.2,515.9,332.4,0.8900
295,2,chair,78.4,329.0,99.8,94.8,0.6286
296,1,person,3.6,145.8,517.7,333.7,0.9006
296,2,chair,77.5,328.7,101.6,96.4,0.5632
297,1,person,4.8,146.8,516.8,332.8,0.9046
297,2,chair,74.3,328.8,105.9,100.8,0.5035
298,1,person,6.7,146.6,517.9,333.2,0.9077
298,2,chair,71.6,328.3,110.6,106.0,0.6040
299,1,person,9.7,146.5,518.3,333.3,0.9002
299,2,chair,70.9,328.4,112.7,108.6,0.6200
300,1,person,24.2,144.3,518.8,335.3,0.8898
300,2,chair,67.8,328.4,119.4,115.8,0.3980
301,1,person,31.9,143.3,517.6,336.3,0.8869
301,2,chair,67.4,328.5,122.1,118.8,0.3360
302,1,person,32.4,143.8,515.9,335.8,0.9066
302,2,chair,68.5,328.2,118.6,116.0,0.6076
303,1,person,28.8,143.5,516.1,336.3,0.9039
303,2,chair,69.9,328.3,115.2,113.1,0.6159
304,1,person,26.2,140.4,522.3,339.5,0.9096
304,2,chair,69.8,328.6,115.5,113.8,0.4647
305,1,person,26.2,137.7,527.1,342.1,0.9133
305,2,chair,69.3,328.4,114.9,113.6,0.5066
306,1,person,23.8,136.3,530.1,343.5,0.9165
306,2,chair,72.2,328.4,110.7,109.4,0.5057
307,1,person,39.2,133.7,531.2,346.0,0.9024
307,2,chair,72.4,328.4,109.3,108.1,0.5891
308,1,person,36.2,132.0,533.7,347.6,0.8983
308,2,chair,72.6,328.4,109.0,108.0,0.4921
309,1,person,28.6,129.9,541.6,349.5,0.8799
309,2,chair,71.9,327.7,107.7,106.6,0.4568
310,1,person,26.6,128.1,549.7,351.3,0.8925
310,2,chair,72.3,328.5,106.6,105.2,0.3550
311,1,person,30.3,127.4,554.7,352.0,0.8865
311,2,chair,74.0,329.2,104.4,102.7,0.4818
312,1,person,33.4,121.3,567.5,358.0,0.9012
312,2,chair,74.0,327.6,104.1,102.2,0.4276
313,1,person,27.1,119.0,576.2,360.4,0.8892
313,2,chair,73.2,327.9,105.1,103.2,0.4818
